sfjkasdfjkladshfirwer
123123
1231
1
2
3
4
5
61
2
3
4
5
61
2
3
4
5
61
2
3
4
5
61
2
3
4
5
61
2
3
4
5
61
2
3
4
5
61
2
3
4
5
61
2
3
4
5
61
2
3
4
5
61
2
3
4
5
61
2
3
4
5
61
2
3
4
5
61
2
3
4
5
61
2
3
4
5
61
2
3
4
5
61
2
3
4
5
61
2
3
4
5
61
2
3
4
5
61
2
3
4
5
61
2
3
4
5
61
2
3
4
5
61
2
3
4
5
61
2
3
4
5
61
2
3
4
5
61
2
3
4
5
61
2
3
4
5
61
2
3
4
5
61
2
3
4
5
61
2
3
4
5
61
2
3
4
5
61
2
3
4
5
61
2
3
4
5
61
2
3
4
5
61
2
3
4
5
61
2
3
4
5
61
2
3
4
5
61
2
3
4
5
61
2
3
4
5
61
2
3
4
5
61
2
3
4
5
61
2
3
4
5
61
2
3
4
5
61
2
3
4
5
61
2
3
4
5
61
2
3
4
5
61
2
3
4
5
61
2
3
4
5
61
2
3
4
5
61
2
3
4
5
61
2
3
4
5
61
2
3
4
5
61
2
3
4
5
61
2
3
4
5
61
2
3
4
5
61
2
3
4
5
61
2
3
4
5
61
2
3
4
5
61
2
3
4
5
61
2
3
4
5
61
2
3
4
5
61
2
3
4
5
61
2
3
4
5
61
2
3
4
5
61
2
3
4
5
61
2
3
4
5
61
2
3
4
5
61
2
3
4
5
61
2
3
4
5
61
2
3
4
5
61
2
3
4
5
61
2
3
4
5
61
2
3
4
5
61
2
3
4
5
61
2
3
4
5
61
2
3
4
5
61
2
3
4
5
61
2
3
4
5
61
2
3
4
5
61
2
3
4
5
61
2
3
4
5
61
2
3
4
5
61
2
3
4
5
61
2
3
4
5
61
2
3
4
5
61
2
3
4
5
61
2
3
4
5
61
2
3
4
5
61
2
3
4
5
61
2
3
4
5
61
2
3
4
5
61
2
3
4
5
61
2
3
4
5
61
2
3
4
5
61
2
3
4
5
61
2
3
4
5
61
2
3
4
5
61
2
3
4
5
61
2
3
4
5
61
2
3
4
5
61
2
3
4
5
61
2
3
4
5
61
2
3
4
5
61
2
3
4
5
61
2
3
4
5
61
2
3
4
5
61
2
3
4
5
61
2
3
4
5
61
2
3
4
5
61
2
3
4
5
61
2
3
4
5
61
2
3
4
5
61
2
3
4
5
61
2
3
4
5
61
2
3
4
5
61
2
3
4
5
61
2
3
4
5
61
2
3
4
5
61
2
3
4
5
61
2
3
4
5
61
2
3
4
5
61
2
3
4
5
61
2
3
4
5
6
12312
1312311
